26026113
25983438
25946735
25910292
25897436
25825238
25807435
25756408
25743802
25740048
25723376
25722125
25703727
25685750
25654141
25649059
25632415
25624623
25624489
25619887
25612759
25591241
25558189
25548771
25538519
25530993
25512700
25504721
25497541
25496472
25491764
25477256
25451150
25436129
25424784
25377663
25374434
25366736
25365407
25358439
25346344
25339151
25336793
25332185
25324543
25323696
25320622
25317804
25302187
25297825
25295458
25284853
25276373
25270010
25257390
25257132
25252793
25242103
25236601
25223338
25211045
25203643
25191336
25184165
25169839
25147838
25141776
25134918
25127981
25124047
25119293
25114790
25105804
25104996
25087939
25085754
25053656
25052012
25036347
25031550
25020281
24996093
24986664
24979789
24964988
24953795
24921025
24909173
24886751
24885566
24876960
24872563
24861754
24849946
24843232
24837541
24822234
24822112
24812028
24797060
24785074
24782051
24773342
24772442
24772143
24772135
24762850
24762603
24758610
24757230
24755244
24754877
24743029
24742302
24738721
24735864
24726785
24724637
24721182
24709187
24708487
24691590
24691404
24683000
24679816
24675398
24674104
24672571
24669878
24664582
24656062
24655262
24639904
24638364
24635839
24634884
24633690
24606985
24595613
24595002
24592336
24588004
24580774
24555672
24551453
24547917
24530064
24498488
24486088
24476891
24476887
24476883
24460967
24456256
24455245
24447387
24443861
24443062
24441251
24438873
24433541
24431484
24408401
24404354
24401714
24398533
24386572
24385585
24385457
24379856
24379471
24376788
24374507
24369767
24360312
24358991
24353159
24345260
24341673
24337850
24330838
24327005
24325911
24325397
24321394
24319696
24316535
24314048
24313983
24305048
24304430
24298363
24294851
24294399
24290091
24256571
24251390
24249978
24244631
24243508
24239290
24237818
24229431
24209761
24201832
24191207
24187487
24184390
24182796
24179960
24179114
24171996
24162022
24156249
24154912
24143964
24104933
24141646
24130939
24129711
24128325
24123551
24120332
24116023
24098407
24093889
24082641
24082079
24079711
24079275
24078929
24075532
24069144
24063613
24049058
24048476
24047903
24046522
24035906
24019796
24004856
24001238
23991313
23980140
23976842
23971938
23962403
23960431
23959866
23953400
23945211
23945013
23937678
23936798
23936343
23934043
23925023
23908550
23904892
23898361
23895583
23884831
23872382
23869624
23864684
23862196
23853752
23850490
23850473
23847650
23841019
23839599
23835739
23833487
23822199
23812551
23809971
23802272
23800858
23799181
23798753
23783020
23781179
23773436
23771977
23770326
23765390
23761747
23761553
23761433
23748177
23744736
23743517
23739955
23737723
23729649
23717633
23715118
23713706
23694726
23689512
23688417
23685891
23682011
23676807
23675629
23671108
23667726
23658180
23653672
23651322
23649140
23648137
23644504
23641911
23640935
23635087
23634949
23628920
23616560
23614030
23608100
23606984
23603082
23597912
23597829
23586984
23583855
23576100
25167275
23569129
23563070
23561277
23552540
23552208
23551690
23542475
23541262
23533463
23521911
23515161
23505278
23504148
23500016
23492364
23481049
23473301
23467783
23463764
23458491
23456330
23450066
23449978
23446288
23410767
23409279
23402941
23401554
23377801
23374023
23372227
23372221
23365619
23364803
23350937
23348996
23346038
23327191
23316241
23306556
23303244
23298375
24900559
23288888
23278364
23274035
23272116
23271203
23269691
23260658
23259159
23257126
23256543
23242095
23231732
23229248
23225664
23217078
23216981
23206452
23201684
23180023
23178309
23177319
23174872
23174496
23169611
23162347
23162342
23157265
23152630
23132178
23117099
23113397
23112074
23106187
23106158
23101947
23093835
23089415
23079055
23077308
23071727
23070984
23061053
23056300
23049906
23048071
23039914
23037849
23037776
23031085
23030292
23024541
23023581
23010656
22999700
22999595
22996983
22995950
22993191
22992046
22991669
22988810
22987054
22985047
22984265
22983116
22980306
22958007
22955361
22960176
22956451
22955965
22939641
22934979
22932725
22924694
22921965
22914535
22914329
22912868
22911633
22902639
22899418
22898818
22893834
22887471
22885645
22875410
22869475
22865880
22864239
22858276
22856580
22853996
22847454
22840182
22829863
22829627
22829451
22823993
22823563
22823550
22819313
22817658
22815126
22814263
22811393
22810476
22807135
22806817
22806317
22798958
22798424
22797325
22795227
22785171
22783975
22775243
22774922
22772829
22768991
22747081
22745539
22741138
22741108
22729690
22729549
22729020
22728106
22722438
22718733
22708580
22699755
22697417
22689146
22682580
22682378
22677091
22666147
22665019
22661007
22654681
22641519
22633958
22629354
22621620
22615246
22593490
22593442
22589704
22588256
22586057
22584872
22578515
22576713
22575316
22573327
22571277
22567051
22564862
22557909
22557891
22553035
22548800
22547718
22547547
22541437
22536352
22530024
22529580
22528810
22526781
22525440
22518314
22516011
22514562
22508774
22507381
22504585
22504234
22500804
22498177
22484149
22482729
22476205
22476100
22473610
22468673
22468631
22465935
22458981
22458639
22447049
22444622
22443468
22438885
22433437
22431929
22429451
22428884
22418284
22411267
22409418
22409156
22398668
22397943
22394647
22393576
22391007
22388930
22387888
22387856
22381128
22378937
22374002
22364277
22364172
22361366
22360771
22355790
22348506
22342981
22334238
22320737
22318606
22311813
22311103
22310979
22307816
22306959
22302027
22298504
22298001
22292084
22291473
22288591
22272916
22270589
22266238
22260903
22259793
22249783
22246399
22244631
22241970
22241604
22238425
22236461
22231766
22229754
22212943
22225943
22215414
22213737
22212077
22209273
23961161
23508469
22207911
22203674
22198244
22194411
22191421
22190858
22189744
22185483
22184113
22182570
22181918
22180685
22179408
22179404
22179208
22174954
22172907
22168642
22163930
22160937
22159096
22158109
22152304
22150496
22149312
22149086
22139679
22138653
22129045
22124592
22123660
22114434
22108866
22099836
22096152
22090250
22087816
22086531
22080865
22078970
22074389
22072718
22071019
22070530
22065926
22060016
22059849
22059288
22056957
22052876
22051579
22051236
22050509
22049406
22046297
22041231
22033453
22032948
22028568
22027512
22023718
22019085
22014611
22011216
22009418
22005302
21995449
21991737
21983222
21977502
21976040
21975687
21967191
21964679
21961649
21957410
21949518
21948082
21948030
21940472
21912230
21933433
21932995
21932149
21929149
21925392
21925388
21921193
21921049
21917665
21914802
21914790
21911962
21908622
21905899
21902595
21901618
21900561
21900434
21891907
21891898
21888327
21875150
21862660
21862592
21862097
21860634
21860317
21860315
21858694
21854183
21854169
21854097
21848643
21838795
21838591
21838248
21830288
21829495
21824890
21821823
21820223
21816272
21815296
21808117
21807525
21802601
21796001
21784966
21776295
21772586
21770839
21768528
21766233
21763177
21757155
21754303
21752810
21752265
23140713
21750577
21742034
21736535
21731444
21725405
21721976
21704741
21696150
21690574
21688013
21687510
21681072
21677664
21671709
21670203
21654448
21653655
21645216
21633303
21632882
21632868
21628501
21625550
25604053
21623320
21618026
21617427
21613570
21613482
21612370
21609302
21605271
21603016
21603011
21595826
21592827
21584929
21576509
21576246
21570775
21569412
21567997
21565394
21553464
21548737
21538096
21531487
21529349
21525678
21525538
21519516
21517120
21516347
21508786
21508785
21508201
21507630
21498042
21493417
21491786
21488394
21482993
21476531
21476077
21474762
21469168
21467713
21463078
21460090
21459887
21453783
21452601
21447601
21446757
21436597
21436588
21425374
21421929
21415856
21415384
21409777
21406725
21406558
21405500
21404194
21396817
21395560
21386829
21385274
21376079
21372295
21370886
21364503
21361981
21358639
21357312
21355427
21350878
21339220
21346900
21346899
21343162
21342071
21341971
21328402
21327539
21324434
21324363
21323727
21321040
21309141
21307048
21305343
21303927
21297921
21297532
21294695
21291296
21283593
21283078
21280966
21278292
22833948
21270176
21259280
21252304
21249209
21246549
21243427
21225599
21223501
21221660
21220413
21211018
21210990
21207197
21205608
21195349
24367177
24367174
24367173
24367172
23745088
23508064
22937441
21192145
21187457
21185503
21183855
21177250
21176917
21166349
21162628
21158696
21158588
21156795
21156402
21152405
21150331
21148673
21148031
21133437
21131783
21131686
21129477
21127062
21118961
21116370
21109134
21106792
21102589
21098881
21084892
21078266
21077804
21077803
21070227
21064188
21063536
21063496
21063492
21063029
21061058
21051238
21046465
21045465
21044834
21043993
21042019
21041627
21039783
20978351
20976071
20974943
20974934
20971295
20962322
20958973
20954671
20942877
20938944
20937111
20933261
20930983
20929972
20927550
20925462
20924196
20889152
20883167
20882424
20879978
20879957
20865477
20865476
20870577
20868431
20868208
20865015
20864537
20861846
20857854
20855324
20846133
20845913
20843327
20842514
20840810
20837949
20830559
20829510
20826813
20826636
20823877
20823260
20818979
20818377
20806080
20803348
20798047
20795890
20738151
20729309
20727991
20724916
25859584
25859583
20716636
20713759
20712310
20697107
20696651
20694492
20688921
20688432
20686576
20685974
20683741
20677908
20676795
20676002
20674194
20673187
20670944
20665787
20663162
20659467
20658839
20657429
20656892
20655957
20655472
20653821
20635202
20633622
20616595
20628280
20627396
20622136
20613542
20610538
20609054
20602389
20598689
20598033
20595579
20593161
20593050
20588141
20585576
20584786
20577784
20574642
20573894
20570353
20568951
20565370
20562409
20553821
20548031
20547538
20546843
20544497
20542304
20541061
20530680
20527608
20525814
20522778
20513558
20513428
20510289
20510247
24895501
22444263
20490970
20502687
20492755
20489582
20464617
20485002
20484520
20479747
20477554
20477499
20476845
20476501
20467269
20466931
20462659
20462402
20462349
20457181
20455114
20453864
20452642
20451373
20448536
20442581
20439467
20434775
20434240
20433721
20433142
20432445
20430165
20427961
20427276
20427204
20421646
20420536
20420460
20420392
20418299
20414968
20414782
20414325
20412149
20404027
20402872
20400511
20399105
20391342
20386275
20386143
20384599
20382694
20375226
20374662
20373015
20370940
20369839
20367253
20364086
20357676
20353369
20351245
20350405
20336331
20332269
20331515
20306608
20302847
20302193
20298690
20234302
20233126
20231375
20230182
20225703
20215681
20213454
20213279
20213054
20205872
20200778
20122184
20188284
20176367
20176361
20175741
20175642
20173750
20169619
20163192
20161852
20161850
20158989
20149903
20146871
20136543
20134303
20133791
20130482
20129357
20128657
20124219
20123013
20122083
20116265
20112019
20110993
20105050
20104898
20103540
20102336
20101332
20097195
20091920
20091890
20091867
20091744
20082444
20080942
20075728
20074317
20071663
20071605
20069325
20068105
20067456
20066669
20066585
20062065
20061557
20061500
20060322
20058052
20051107
20044497
22219706
20039489
20038548
20035226
20021227
20018953
20018848
20018790
20006737
20005630
20005132
20004514
20002437
20002225
20001166
19996700
19996213
19995902
19966658
19965658
19962793
19951606
19948082
19945381
19942059
19941472
19941073
19940851
19938952
19938021
19935063
19933356
19932130
19929443
19926800
19926108
19923501
19919693
19917247
19916619
19915821
19908618
19906824
19903272
19902166
19897480
19895380
19892983
19891753
19888899
19882364
19881173
19880879
19878337
19875476
19874194
19863517
19863197
19854141
19851734
19847614
19845890
19843519
19840047
19839869
19837064
19836462
19829383
19828216
19824623
19819984
19818798
19817692
19815770
19815723
19815315
19810061
19805305
19805217
19800940
19797727
19797702
19794929
19794843
19786749
19785751
19784523
19782726
19782355
19781383
19781102
19776015
19772305
19765096
19762904
19757704
19757023
19754427
19743640
19734285
19728930
19726425
19725757
19723695
19722587
19720939
19716552
19707398
19702965
19702964
19694877
19693644
19690913
19686832
19684320
19678640
19675955
19670296
19665971
19664153
19664125
19661499
19660498
19657716
19657031
19655975
19649704
19648113
19643988
19643896
19643537
19641115
19635619
19633695
19633587
19632515
19623256
19618605
19607689
19606044
19604631
19602735
19579217
19571329
19566363
19564343
19562870
19557557
19556085
19549114
19547693
19545692
19542433
19538383
19533144
19524507
19524249
19514790
19513288
19506243
19504437
19490015
19486219
19484686
19483719
19482857
19481479
19477244
19476833
19471880
19470456
19468278
19466811
19466205
19464740
19461459
19458470
19455581
19455077
19450708
19448401
19448213
19430162
19420896
19420794
19420137
19418497
19417521
19413639
19406979
19406812
19406399
19404876
19403381
19402632
19400612
19400611
19399172
19395854
19387376
19381036
19380445
19379691
19377461
19373597
19372686
19371446
19367671
19364276
19359525
19358990
19352700
19352169
19351155
19336536
19334954
19326213
19324751
19321219
19309363
19306990
19300490
19300348
19298307
19298132
19293400
19293376
19290641
19289130
19288944
19285023
19277796
19276379
19272804
19271734
19265329
19264302
19261910
19257009
19256084
19254718
19253806
19251238
19248652
20976990
19246396
19242952
19215781
19237581
19236848
19230025
19229901
19229590
19182675
19224130
19223576
19216748
19203584
19202085
19201797
19200286
19199800
19196658
19193721
19189282
19189065
19183482
19181022
19179461
19179414
19175016
19174511
19164130
19154523
19153932
19152534
19151303
19151195
19147859
19145153
19142922
19141861
19141685
19139573
19136650
19136629
19136170
19132101
19128265
19127226
19127202
19122277
19121620
19118527
19117302
19117294
19116866
23168476
20461158
19115107
19114651
19112096
19110737
19109492
19106080
19105710
19104392
19101586
19100512
19099434
19090072
19088369
19086961
19079715
19078937
19076254
19074373
19074154
19073167
19071213
19059841
19055698
19052649
19050079
19047050
19043384
19040206
19036880
19032896
19032554
19032341
19031451
19031236
19029826
19024117
19023854
19023421
19021990
19019824
19019027
19017976
19015639
19015157
18998683
18986162
18981223
18974775
18974386
18969990
18953331
18951954
18950327
18947353
18946316
18942003
18941212
18940868
18931204
18922744
18922426
18922037
18854833
18852117
18849962
18846795
18845673
18824754
18840581
18838104
18832753
18832301
18828704
18827009
18812912
18824687
18821770
18821210
18819028
18818438
18812551
18807007
18806057
18802478
18800988
18794197
18790523
18790478
18789672
18788947
18783367
18776129
18771528
18765339
18758872
18758063
18757688
18755074
18729693
18729258
18727133
18718126
18717013
18716365
18716186
18713984
18704087
18704014
18703532
18698377
18694522
18693175
18692991
18692561
18688676
18688632
18688044
18686939
18686342
18681910
18680715
18675885
18670837
18669965
20646134
18664249
18663085
18662363
18654872
18654017
18652090
18644686
18633013
18632654
18632415
18622062
18614793
18611381
18606846
18604561
18599454
18599453
18597465
18596056
18592845
18591817
18590891
18584911
18583539
18581155
18578850
18570278
18570267
18568464
18568291
18566687
18559516
18555977
18544868
18534388
18528650
18517206
18515539
18514061
18510929
18508798
18505315
18503581
18500756
18500511
18500509
18500349
18494624
18493030
18487988
18483362
18480056
18476299
18475021
18472592
18463486
18463039
18458091
18458081
18456874
18456410
18452082
18451880
18448770
18446488
18445936
18444895
18444738
18436834
18436040
18427122
18426626
18426330
18424723
18422744
18419724
18413006
18411340
18410446
18402204
18401421
18399892
18398079
18397993
18394991
18392249
18390835
18389490
18389185
18387932
18387770
18387358
18384566
18382681
18381456
18378769
18368379
18364112
18363823
18358812
18358610
18356840
18354009
18351416
18349203
18349188
18348170
18339646
18339155
18330819
18329784
18327875
18322848
18321333
18317129
18316554
18310452
18310392
18310117
18310074
18308614
18305176
18305082
18303154
18296915
18296101
18292803
18292432
18278471
18273444
18227494
18252834
18251634
18250556
18249329
18242194
18234298
18231701
18224727
18222257
18203544
18202145
18198213
18197254
18194915
18193247
18192589
18192453
18186348
18186083
18182456
18181436
18178308
18165759
18165437
18165258
18163970
18163784
18163565
18094456
18089389
18088512
18083895
18081917
18080195
18076901
18076190
18073653
18072024
18068108
18067406
18060319
18060070
18058096
18057596
18056548
18055753
18051295
17700910
18045550
18039814
18035689
18030693
18025093
18024211
18019015
18018483
17958618
18007378
18003778
18001736
18000709
17996074
17993584
17992450
17986011
17982373
17978280
17977947
17976641
17976603
17975671
17973093
17970858
17970209
17965330
17964633
17962807
17962642
17960105
17959969
17952062
17951022
17947268
17939000
17938933
17935130
17933655
17920515
17918804
17918285
17916578
17911405
17909159
17908915
17906199
17903207
19718288
17901904
17900579
17893629
17892576
17890064
17889870
17885785
17883901
17882767
17878580
17875939
17875806
17852805
17852721
17852474
17851420
17848760
17848183
17827835
17827594
17766684
17763102
17761782
17760840
17724069
17722322
17719120
17715156
17711276
17709391
17706021
17704142
17702391
17701044
17698563
17690890
17689277
17687392
17686487
17683357
17674971
17673498
17671184
17670430
17662266
17653663
17644368
17637719
17633759
17629231
17628467
17611720
17611265
17605586
17604800
17601799
17601758
17597212
17592174
17588946
17578979
17578978
17576198
17576121
17575123
17573344
17572536
17564894
17564607
17562360
17562229
17555966
17550372
17547488
17546574
17545619
17545440
17538653
17535051
17532697
17523738
17520820
17518361
17516552
17512795
17510058
17503309
17499512
17499217
17483799
17478559
17470638
17470215
17467513
17464802
17464449
17461059
17457626
17456665
17454209
17450507
17448905
17445990
17445657
17443681
17442973
17437420
17435748
17433423
17431619
17418097
17416190
17406964
17406346
17397860
17395477
17393877
17393178
17393100
17392961
17384515
17383328
17381062
17380192
17375192
17374986
17373355
17369855
17369374
17367204
17365020
17363751
17363243
17355335
17353833
17351230
17347151
17344217
17340661
17339748
17339455
17332213
17327231
17318188
17316981
17316397
17314050
17312943
17312323
17311278
17306830
17306525
17301810
17301435
17296563
17290307
17290060
17289674
17284571
17280832
17280485
17278100
17267205
17266746
17265502
17264214
17258353
17257501
17255935
17254774
17251587
17251541
17251387
17242103
17241528
17241506
17238568
17238449
17237576
17237390
17237224
17230541
17230513
17229471
17227430
17223697
17222507
17218375
17215543
17215525
17213307
17209005
17208372
17207088
17204250
17203245
17202861
17202332
17201546
17199437
17197205
17196679
17194752
17190127
17188809
17188242
17184598
17182885
17177760
17177150
17164266
17163298
17163252
17158886
17155403
17154781
17153136
17148581
17147363
17147054
17146721
17141333
17138800
17135667
17135436
17135357
17135312
17133340
17127664
17126993
17126782
17125593
17123960
17123772
17118505
17114063
17113017
17110022
17106890
17097229
17091754
17087575
17086017
17080405
17078553
17077952
17076339
17062230
17061163
17057710
17056968
17056923
17056530
17056245
17055433
17051976
17051805
17047255
17043678
17042945
17041727
17039348
17034353
17030610
17023390
17021747
17015251
17012269
17005867
17000298
16980878
16980665
16980158
16974114
16973744
16973722
16968898
16963789
16960354
16958731
16956206
16951566
16949361
16945319
16938870
16934686
16930675
16930383
16929120
16920823
16917797
16913865
16912754
16912408
16912040
16906766
16899777
16899252
16898225
16891626
16890687
16885199
16882662
16882552
16881762
16874686
16873043
16872742
16862580
16847342
16842743
16842121
16840747
16838032
16835876
16832828
16824631
16822947
16815898
16809909
16809859
16807784
16807438
16803864
16802016
16790652
16790618
16790433
16782903
16782650
16781144
16779680
16775809
16770538
16767085
16766642
16765339
16764619
16764598
16756753
16754685
16741109
16738545
16734562
16732280
16729804
16728876
16725387
16723796
16719806
16714283
16712650
16709778
16700886
16697003
16689510
16688891
16688670
16687409
16686385
16675453
16675392
16649305
16648433
16645640
16645343
16644507
16641989
16641293
16639069
16630125
16626211
16619490
16618605
16617846
16616662
16609730
16603085
16601366
16597423
16594919
16584637
16579874
16575915
16571622
16565882
16557440
16556320
16556129
16555436
16550265
16549047
16544577
16543683
16542207
16542160
16536650
16527983
16527309
16520554
16519442
16508680
16508386
16508172
16507902
16504726
16502480
16497925
16489820
16489497
16489052
16487061
16484492
16484209
16478859
16478645
16474136
16470558
16469308
16468883
16467873
16467142
16466641
16465358
16464172
16462106
16459994
16458425
16455819
16451145
16432154
16428550
16428532
16424524
16424224
16421562
16418018
16413606
16413539
16412036
16411566
16410328
16409294
16406509
16406483
16401724
16399846
16399311
16398468
16394597
16390818
16387853
16385111
16383300
16380371
16373573
16373256
16372008
16368125
16363482
16362798
16360453
16357560
16355390
16354850
16353936
16351573
16342351
16341121
16339543
16331686
16327213
16325862
16324147
16322903
16319506
16319281
16308569
16306613
16306274
16299507
16293615
16291386
16286306
16286305
16286019
16270447
16263821
16263789
16263156
16260778
16260544
16260543
16256075
16254035
16252006
16249842
16249430
16243185
16239928
16236435
16235460
16234815
16230795
16230623
16227584
16226613
16224166
16221992
16217005
16210593
16207520
16204194
16203862
16202228
16200333
16192765
16192764
16187321
16178425
16174581
16170379
16166739
16162900
16159641
16157701
16157375
16154993
16152613
16151024
16146159
16138565
16135352
16117743
16117527
16116011
16110016
16109640
16108009
16106398
16103064
16099949
16094364
16080255
16079302
16077385
16076637
16061819
16061473
16054423
16053786
16048804
16045557
16042715
16040081
16033828
16033772
16026327
16009522
16002281
15994554
15994413
15994234
15988809
15988546
15987643
15985545
15981993
15976327
15970594
15968290
15968000
15965464
15965225
15961411
15955294
15954208
15951848
15950961
15946590
15940106
15935697
15934135
15934020
15931363
15929893
15925922
15911779
15908671
15908339
15905366
15902754
15896584
15890884
15882421
15882146
15879701
15879152
15879012
15872124
15870476
15869364
15867557
15866879
15864528
15855163
15852994
15852626
15851619
15849769
15849379
15849231
15848514
15837717
15833829
15829920
15826142
15824067
15819761
15817890
15811683
15811494
15811177
15805113
15802129
15798955
15794062
15793222
15784899
15784679
15782369
15778342
15778113
15774785
15764805
15763381
15759553
15759001
15757900
15756262
15753508
15750345
15750339
15750337
15742012
15741619
15740897
15730395
15728055
15725700
15723591
15714135
15713514
15708953
15703780
15703630
15700311
15700263
15684500
15682463
15677767
15673561
15667336
15661884
15660873
15659666
15650163
15644350
15642807
15642590
15642372
15640275
15637280
15635462
15631872
15623835
15622356
15618611
15618276
15616023
15609310
15608056
15604405
15604363
15598111
15592515
15590255
15583985
15580304
15578093
15575251
15574561
15571483
15571382
15569762
15564537
15564312
15563976
15545995
15536186
15535488
15528874
15522194
15521078
15518170
15516912
15516429
15510931
15509205
15507319
15501944
15501702
15501477
15499051
15495094
15493733
15493592
15491272
15489860
15480894
15479077
15470063
15464509
15461668
15456561
15385341
15385115
15370385
15367259
15365812
15365748
15359637
15356169
15345658
15345558
15342645
15341509
15329587
15322593
15321434
15313930
15311210
15304519
15302444
15301984
15298725
15297874
15295367
15295347
15285468
15284244
15282297
15281514
15281492
15276654
15269168
15267089
15265887
15260988
15256569
15256470
15254533
15250046
15249508
15240891
15240731
15239366
15234210
15232166
15232160
15231814
15226262
15218149
15215246
15213307
15209896
15208681
15198948
15194459
15179047
15178751
15177893
15173892
15170272
15165110
15163498
15158225
15157037
15156501
15155873
15155382
15154073
15153858
15146069
15144295
15143281
15142861
15142171
15141412
15133156
15131027
15125779
15122252
15118164
15114096
15103161
15099190
15089793
15084715
15084597
15083493
15079086
15078940
15076954
15073372
15070790
15055895
15055483
15047708
15044043
15042502
15041987
15041010
15039926
15039353
15032629
15028690
15025034
15013361
15007079
15001474
14985765
14985510
14978625
14977841
14972677
14970332
14963337
14871855
14871577
14768925
14766451
14760177
14755060
14750616
14744033
14742313
14735849
14733086
14726590
14716207
14714201
14712780
14712346
14709792
20021100
14699092
14689513
14679216
14673690
14672915
14666441
14664422
14656805
14656778
14652118
14645581
14645365
14643807
14642133
14633524
14623532
14622809
14620432
14608366
14600393
14587731
14585844
14578081
14572313
14569440
14557482
14530932
14530809
14519073
14517260
14512211
14510839
14500648
14499135
13679198
13678114
12974429
12968031
12967786
12961075
12959337
12958150
12954032
12944035
12943767
12940740
12935295
12933396
12932358
12919678
12919395
12907126
12899616
12895212
12893944
12887008
12884993
12883403
12869699
12857419
12845635
12843327
12837248
12833645
12823979
12822012
12819056
12813423
12808467
12804513
12801955
12797863
12796562
12790626
12774765
12773570
12768462
12768027
12761696
12759451
12757708
12757644
12757116
12751431
12747975
12738814
12735579
12735096
12734349
12720429
12708958
12700012
12699092
12696935
12696621
12692091
12680748
12687010
12683472
12679039
12676581
12672770
12670382
12665995
12662145
12658805
12652309
12652308
12651654
12650488
12643269
12642615
12629129
12626456
12625310
12620953
12619192
12618524
12615337
12612585
12598905
12596084
12585428
12574348
12570065
12560494
12558978
12554767
12547818
12538722
12538174
12537316
12531578
12521812
12520731
12517745
12511546
12496384
12483735
12480817
12480701
12477671
12468198
12468196
12466290
12454141
12446324
12446318
12446313
12438431
12438421
12438313
12426956
12424250
12418875
12417916
12417695
12415108
12409020
12408870
12407422
12403353
12398910
12397363
12397190
12393770
12390292
12388152
12381855
12374721
12373472
12370398
12370229
12359172
12358731
12352599
12351788
12351674
12351273
12297011
12271163
12243356
12230798
12221164
12208654
12200953
12198783
12198542
12198052
12196476
12193301
12190834
12176951
12174481
12169113
12167854
12163343
12145071
12142192
12141316
12117884
12115878
12115185
12104054
12100827
12100113
12091196
12088956
12088133
12087401
12082178
12077412
12070118
12054760
12048910
12034030
12032625
12031711
12029431
12024037
12018858
12018841
12006295
12003802
11997506
11996351
11981149
11978815
11978302
11976335
11975760
11970950
11964387
11952142
11950966
11931763
11923844
11903942
11880282
11878519
11856736
11854211
11847107
11836639
11834606
11833624
11825888
11821158
11812703
11805921
11802188
11782260
11777514
11777511
11773439
11772810
11757442
11733519
11719801
11718967
11714847
11714798
11714793
11711437
11710530
11708844
11708015
11701891
11700549
11696542
11682396
11677603
11675329
11665979
11642338
11607027
11607026
11585822
11577230
11573601
11571675
11566906
11565755
11564576
11558215
11553641
11549246
11547793
11546864
11546713
11543891
11536383
11535776
11535583
11533443
11531667
11527656
11521156
11518764
11518677
11517128
11514369
11509576
11506111
11505347
11495148
11490022
11489795
11483646
11474113
11473870
11465951
11461904
11447192
11447161
11444867
11439362
11435477
11433760
11430323
11426361
11418471
11396861
11388449
11386380
11383794
11378603
11376558
11375852
11371116
11369364
11357854
11350463
11346645
11340679
11334691
11329338
11320386
11316402
11304462
11303094
11303093
11292876
11286195
11266114
11250900
11248046
11242074
11226115
11226079
11222596
11206594
11202499
11182366
11179289
11177010
11169971
11167165
11165366
11160625
10755190
11134016
11146789
11146662
11141566
11141555
11139469
11139111
11137385
11136976
11135621
11135609
11134581
11133754
11132748
11123735
11117735
11114493
11108151
11103184
11100731
11062124
11049912
11046336
11018061
11016925
11007230
11006278
11004073
10999902
10998614
10994059
10993934
10993888
10985251
10972607
10966782
10963589
10962043
10960144
10958102
10944516
10932255
10930202
10925314
10921877
10915623
10915617
10915159
10910852
10910269
10892746
10890482
10882875
10875912
10871211
10866914
10859202
10856744
10853207
10853206
10845910
10849424
10848550
10841995
10839591
10839528
10833523
10825206
10820203
10815922
10811848
10807577
10806476
10798759
10794503
10786832
10784445
10781579
10758447
10754111
24829972
10735806
10733203
10722567
10720165
10718795
10717780
10707089
10705099
10700237
10698946
10698743
10697156
10696980
10693953
10688189
10669410
10667788
10666572
10660827
10648342
10651673
10642299
10642298
10626898
10618956
10618943
10618412
10609942
10607850
10540101
10590051
10589650
10589648
10589610
10586503
10583351
21077410
10570160
10559146
10549458
10548483
10536305
10531671
10522590
10522582
10518710
10514006
10500217
10490643
10480326
10475325
10463949
10459577
10459014
10453744
10453151
10449788
10440390
10439770
10439558
10434810
10434165
10417466
10417151
10411496
10410304
10409727
10393310
10390935
10390665
10389556
10386280
10382079
10375727
10375646
10364988
10357343
10357333
10357331
10340474
10335847
10318977
10231134
10224044
10197686
10195272
10195271
10193289
10193218
10101278
10095981
10095980
10095979
10095978
10095977
10093011
10084103
10077615
10066780
10066663
10050223
10047653
10026173
9987036
9931130
9924225
9895070
9888845
9884849
9879861
20486884
9861127
9861126
9842837
9836028
9822040
9810412
9809085
9807069
9806685
9801549
9785065
9780201
9773135
9771305
9770555
9768766
9767009
9744272
9736380
9729529
9717598
9710385
9703501
9692323
9689270
9685252
9675613
9669007
9660756
9655725
9649996
9649986
9637246
9593639
9612105
9603161
9602596
9601702
9542558
9475806
9587723
9578923
9564108
9549743
9546637
9544783
9497388
9482945
9482944
9533776
9485373
9512856
9512851
9510328
9509207
9503219
9500320
9454848
9495425
9492007
9469192
9449732
9439634
9429186
9426374
9421334
9414164
9390688
9389277
9371493
9369145
9368808
9366938
9354333
9350368
9322479
9314560
9312044
9300696
9299469
9294183
9287224
9288788
9288444
9278265
9260009
9201967
9199447
23839684
9241336
9163418
9160663
9161742
9103197
9155037
9134381
9130629
9113601
9104522
9097935
9096355
24159673
9067046
9066475
9057630
9020084
9179620
9098916
9039961
9032197
9005322
9328234
8993251
8989457
8980233
8939868
9071079
8955972
8943059
8910608
8909298
8922763
8885844
8942332
8863847
8808628
8790436
23839621
8700981
8759671
8759101
8694302
8662527
8692921
8807169
8674042
8633243
8811338
8662462
8639531
8610863
8614463
8630409
23839547
8868234
8793576
8627713
8607588
8626756
8568273
8929896
8825534
8669653
8647493
8934696
8862752
8665632
8655018
7500753
23839884
8557825
7574222
7491120
7570019
7566165
7475576
7559549
8706192
7595697
7545471
7651416
7640099
7497558
7541111
7636550
7543632
7788870
7595293
7789530
8522241
7760839
7538698
7626146
7614644
7728076
7607682
8529935
7898846
7718247
7699537
7708759
7708684
7702575
7892201
23839836
8591811
7706332
7627633
7530764
9372131
7889590
7534216
7526152
7969447
7955120
7531724
7957043
7925305
7923908
7521696
23568117
23568106
7954995
8047164
7947511
7947503
8043275
8021227
7928848
7911078
7517181
7517180
8197188
8171334
8207722
8179311
8055614
8142647
8004733
7914452
7511208
8152926
8134396
7941560
7510271
8300222
7975636
7905117
8267185
8007827
7986312
7880620
7504695
8254877
11542874
8376821
8219868
8393056
8339817
7687746
8335904
8515545
8513526
8386388
8096625
8249398
7679698
7680491
8435649
8418058
8344721
8249383
8249380
8213314
1281519
1366018
1474590
1493543
1455228
1421375
1400454
11576270
1397285
1343090
1341533
1518830
1518423
1381241
1339389
1324627
1569576
1588795
1551544
1536949
1310062
1727479
1603334
1490124
1468483
1463587
1348070
1302352
1793460
1660466
1935905
1752960
1939140
1824564
1779199
1655662
1912585
1655255
1742073
1909737
1654331
1876370
1678482
1912750
2037350
2033668
1669382
1648830
1709882
2004418
1848710
2009973
2005877
1998509
1676522
1996082
2040823
2040822
1821625
2124237
1977932
2176153
2174558
2101137
1979954
1707631
1701215
2253615
2178033
2214028
1975894
2258211
2145649
2226778
2265954
2202594
1967127
1696395
2143016
2140957
2161500
2163836
2351298
2329615
2335239
2326635
2242108
2135381
2137012
2303032
1689484
2105793
2287751
2190194
2089274
1967819
2689396
2555431
2555243
2681489
2684782
2478292
2802218
2769271
2684636
2682635
2479012
2788173
2544648
2665742
2664779
2566780
2474759
2714889
2502220
2657710
2520534
2467922
2563804
2683385
2737192
2553601
2536048
3058479
3263937
3247743
3047873
3246358
3073307
2460496
2452833
2832066
3340220
3068477
3066912
3043903
3321064
2441265
3622601
3554260
3473468
2437580
3822131
3554186
2433688
3819650
3481042
3320672
3526270
3524257
3519831
3458173
3084104
2935936
2936315
3511090
2416588
3005774
2997609
4092997
3160783
3887416
3886293
3157734
3883412
3881789
3155760
2579626
6392156
6385104
6149691
6594315
6382990
6379743
6380255
6371098
6385175
6231383
6365971
6375866
6361100
6417790
6416748
6363100
10317408
6351603
6349935
6192441
6405790
6341859
6345451
6338856
6337398
6401372
6753612
6182304
6810463
7037714
6897379
6152872
7031671
7031659
7337715
7282552
7023740
6270222
6264596
7019244
6171369
7212082
6782124
7007439
6257420
7003386
7002363
6765635
7435390
6999032
6998272
6998271
6254434
6992676
7406867
6987255
6444674
6986303
6243667
6985768
160560
376552
221532
370596
396398
367632
217854
363007
360062
213200
400712
350903
307018
205799
205552
326810
183981
785270
778343
178540
166323
173287
993
239707
4620957
13850774
